[header]
width=25
height=20
tilewidth=32
tileheight=32

[tilesets]
tileset=tileset_1.png,32,32,0,0

[layer]
type=background
data=
50,51,271,271,23,24,271,271,23,23,428,428,334,305,306,80,81,271,271,20,21,428,50,51,428,
80,81,428,24,53,54,428,24,53,53,22,428,271,334,336,110,111,271,428,50,51,428,80,81,428,
110,111,377,54,83,84,377,54,83,83,52,22,23,271,271,271,428,428,428,80,81,428,110,111,271,
271,23,24,84,113,114,24,84,113,20,21,52,53,22,23,23,428,428,428,110,111,271,428,20,21,
24,53,54,114,428,377,54,114,428,50,51,82,83,52,53,53,22,23,428,271,271,428,428,50,51,
54,83,84,428,23,24,84,428,428,80,81,112,113,82,83,83,52,53,22,23,23,428,428,80,81,
84,113,114,377,53,54,114,274,276,110,111,428,428,112,113,113,82,83,52,53,53,22,428,110,111,
114,271,23,24,83,84,335,335,336,428,428,428,428,428,428,428,112,113,20,21,83,52,376,271,271,
271,24,53,54,113,114,428,428,394,395,395,395,425,396,271,271,271,271,50,51,113,82,376,271,271,
24,54,83,84,428,428,394,395,455,455,455,455,425,426,271,271,20,21,80,81,428,112,271,271,428,
54,84,113,114,428,394,425,456,271,437,428,428,454,425,396,271,50,51,110,111,271,376,271,428,23,
84,114,428,271,394,425,426,271,438,113,376,271,271,424,426,428,80,81,428,271,406,271,271,377,53,
114,428,394,395,455,455,456,377,468,271,436,271,428,454,425,396,110,111,428,428,376,428,271,24,83,
395,395,455,456,428,428,437,438,271,271,466,22,23,428,454,425,396,271,271,271,22,23,24,54,113,
455,456,428,23,23,24,113,468,23,23,23,52,53,22,271,454,425,395,396,271,52,53,54,84,271,
428,23,24,53,53,84,23,24,83,83,83,52,53,52,376,271,454,425,426,271,82,83,84,114,271,
24,53,84,53,53,54,83,84,113,113,113,82,83,52,22,23,271,454,425,396,112,113,114,271,394,
54,53,54,20,21,84,113,114,271,23,428,112,113,82,52,53,22,428,454,425,395,395,395,395,425,
54,83,84,50,51,114,271,23,24,53,22,428,20,21,52,53,52,376,271,454,455,455,455,455,456,
84,113,114,80,81,428,24,53,84,53,52,22,50,51,82,83,52,22,271,271,271,428,428,271,271

[layer]
type=collision
data=
0,0,210,0,0,0,358,55,0,88,89,25,410,411,237,0,0,240,0,0,0,207,0,0,210,
0,0,240,0,0,0,0,0,0,118,119,0,409,120,0,0,0,0,0,0,0,237,0,0,240,
0,0,0,0,0,0,0,0,147,148,149,150,0,0,0,0,0,57,0,0,0,0,0,0,0,
357,0,0,0,0,0,0,0,177,0,0,180,0,0,0,0,0,55,0,0,0,0,0,0,0,
0,0,0,0,178,179,0,0,207,0,0,210,0,0,0,0,0,0,88,89,0,0,0,0,0,
0,0,0,357,208,209,0,0,237,0,0,240,0,0,0,0,0,0,118,119,0,0,0,0,0,
0,0,0,0,478,479,0,0,0,0,0,0,25,0,0,0,0,147,148,149,150,0,0,0,0,
0,25,0,0,387,388,0,0,55,0,0,0,0,57,0,0,0,177,0,0,180,0,0,57,0,
0,0,0,0,410,411,25,0,0,0,0,0,58,0,358,0,0,207,0,0,210,0,0,0,25,
0,0,0,0,409,120,0,0,0,0,0,0,0,0,0,0,0,259,0,0,240,418,0,358,0,
0,0,0,0,0,0,0,0,0,0,0,25,0,0,0,0,0,0,0,0,0,0,25,0,0,
0,0,357,57,0,0,0,0,0,0,0,0,55,0,0,0,0,0,0,0,0,0,0,178,179,
0,25,0,0,58,0,0,0,0,57,0,0,0,0,0,0,0,0,0,57,0,55,0,208,209,
0,0,0,0,0,0,178,179,25,358,0,0,0,57,0,0,0,0,0,25,0,0,0,478,479,
58,0,0,88,89,0,208,209,0,0,0,0,0,0,0,0,0,0,0,0,0,0,0,387,388,
0,0,0,118,119,417,478,479,0,0,0,0,88,89,0,0,0,58,0,0,0,0,0,410,411,
0,0,147,148,149,150,387,388,0,0,0,0,118,119,0,0,0,178,259,0,178,179,0,409,120,
0,0,177,0,0,180,410,411,357,0,57,147,148,149,150,0,0,259,259,0,208,209,178,179,0,
0,0,207,0,0,210,409,120,0,0,0,177,0,0,180,0,0,259,259,0,478,479,208,209,0,
0,0,237,0,0,240,0,0,0,0,0,207,0,0,210,0,0,259,259,0,387,388,478,479,0

